0	119
0	120
0	121
1	157
1	158
1	159
1	83
1	160
1	161
1	162
1	163
1	164
2	1
2	3
2	83
2	160
3	1
3	253
3	0
3	254
3	83
4	269
4	270
4	271
4	272
4	273
4	274
4	275
4	259
4	276
4	105
4	277
4	278
5	105
5	4
5	302
5	303
5	274
5	304
5	305
6	310
6	311
6	312
6	269
6	313
6	314
6	315
6	316
6	317
6	318
6	319
6	270
6	4
6	320
6	321
6	322
6	302
6	272
6	323
6	324
6	325
9	340
9	341
10	509
10	510
10	384
10	511
10	381
10	512
10	513
10	514
10	515
10	419
10	516
10	416
10	517
10	518
10	9
10	25
11	517
11	637
11	450
11	9
11	401
11	381
11	638
11	418
12	10
12	381
12	645
12	9
13	9
13	650
13	651
13	10
13	419
14	672
14	381
14	673
14	637
14	388
14	9
14	12
14	674
14	531
14	444
14	475
14	650
14	515
14	466
15	672
15	381
15	645
15	341
15	644
15	676
15	510
15	637
15	375
15	450
15	457
15	455
15	9
15	84
15	12
15	340
15	372
15	677
15	425
15	85
15	10
15	515
15	466
15	483
15	11
16	679
16	408
16	32
16	680
16	681
16	302
16	682
16	683
16	684
17	688
17	466
17	410
17	517
17	637
17	457
17	9
17	14
17	381
17	644
18	466
18	9
18	689
19	19
19	690
19	691
19	692
19	482
19	693
19	694
20	19
20	744
20	690
20	30
20	22
20	745
20	691
20	746
20	163
20	692
20	694
20	747
21	691
21	752
21	690
21	753
21	160
21	19
21	754
21	755
23	758
24	733
24	772
24	773
24	774
24	690
24	645
24	775
25	515
25	419
25	819
25	820
25	672
25	381
25	821
25	448
25	24
25	637
25	9
26	690
26	19
26	30
26	24
26	25
26	29
26	828
27	803
27	10
27	511
27	24
28	531
28	689
28	831
28	832
28	513
28	650
28	10
28	668
28	666
28	833
28	662
28	834
28	24
28	810
28	835
28	751
29	19
29	690
29	836
29	691
29	837
29	746
29	692
29	30
29	838
29	20
29	745
30	19
30	690
30	30
30	22
30	20
30	745
30	691
30	692
32	38
32	36
32	37
32	41
32	854
33	885
33	886
33	887
34	496
34	891
34	892
34	24
34	893
34	607
35	102
35	45
35	896
35	38
35	36
35	897
35	37
35	898
35	722
35	39
35	98
35	899
35	900
35	901
35	902
35	41
35	903
36	902
36	41
36	854
36	955
36	38
36	956
36	37
36	957
37	38
37	98
37	957
38	340
38	691
39	41
39	38
39	37
40	513
40	45
40	41
40	38
40	44
40	37
41	957
41	38
41	902
42	38
42	428
42	32
42	37
42	39
42	114
42	962
42	41
42	532
42	863
42	47
42	48
42	46
42	45
43	588
43	310
43	38
43	864
43	970
43	115
43	47
43	48
43	46
43	45
43	716
44	957
44	38
44	44
45	19
45	955
45	171
45	419
45	957
45	41
45	38
45	690
45	645
45	37
45	427
46	837
46	516
46	45
46	901
46	745
46	41
46	340
46	38
46	36
46	836
46	44
46	37
46	427
47	957
47	45
47	98
47	41
47	38
47	36
47	680
47	37
48	47
48	46
48	45
48	41
48	38
48	36
48	37
50	58
50	135
50	314
50	62
50	53
50	175
50	750
50	737
50	736
50	170
52	50
52	456
52	53
53	259
53	737
53	29
53	170
53	242
54	53
54	311
54	259
54	57
54	163
54	469
54	170
54	58
54	135
54	314
54	143
54	737
54	736
54	50
54	175
55	54
55	973
55	38
55	36
55	44
55	37
55	737
55	35
55	49
56	55
56	54
56	973
56	38
56	36
56	37
56	737
56	35
56	49
56	47
56	45
57	53
57	311
57	135
57	314
57	57
57	105
57	737
57	50
57	322
57	175
58	956
58	120
58	226
58	902
58	340
58	691
58	692
59	58
59	226
59	902
59	956
59	341
59	692
59	482
60	59
60	902
60	58
60	226
60	60
60	36
61	1
61	58
61	94
61	314
61	3
61	160
61	50
61	9
61	84
61	105
61	736
61	85
61	238
62	692
62	413
62	691
62	59
62	340
62	58
62	226
63	74
63	75
63	284
63	464
63	71
63	697
64	63
64	754
66	317
66	284
66	886
66	315
66	286
66	304
67	683
69	74
69	63
69	68
69	66
69	75
69	67
69	306
69	64
69	464
69	286
69	76
69	697
71	509
71	697
72	71
73	74
73	498
73	80
73	638
73	76
74	10
74	464
74	75
74	9
75	464
76	74
76	75
76	80
77	81
77	77
77	76
77	418
77	74
77	498
77	75
77	464
77	80
78	498
78	534
78	464
78	80
78	77
78	74
79	81
79	77
79	667
79	76
79	79
79	74
79	661
79	75
79	520
79	534
79	80
80	74
80	381
80	498
80	75
80	464
80	637
80	9
80	661
81	418
81	340
82	81
82	76
82	74
82	498
82	75
82	534
82	80
84	1
84	3
84	510
84	513
84	201
84	2
84	136
84	83
84	160
85	1
85	3
85	543
85	384
85	105
85	513
85	514
85	10
85	2
85	160
85	84
86	92
87	201
87	92
87	189
87	136
87	93
87	160
87	61
87	86
87	84
87	143
87	89
87	85
88	92
88	105
88	189
88	90
88	110
88	93
88	160
88	84
88	149
88	3
89	188
89	92
89	198
89	2
89	93
89	83
89	84
89	178
89	1
89	3
89	143
90	2
90	160
90	84
90	1
90	3
90	189
90	89
91	3
91	143
91	166
91	92
91	189
91	2
91	93
91	83
91	160
91	84
93	180
93	122
93	166
93	44
93	37
93	159
93	160
93	84
93	1
93	3
93	133
93	143
94	1
94	537
94	384
94	105
94	84
94	25
94	513
94	85
94	238
95	956
95	120
95	902
97	38
97	101
97	98
97	902
97	41
97	102
97	692
98	755
98	38
98	692
38	340
38	691
99	38
99	956
99	105
99	187
99	160
99	97
100	1
100	97
100	3
100	2
100	160
100	38
100	101
100	99
100	105
100	102
101	340
101	755
101	38
101	460
102	38
102	956
102	902
102	340
102	691
104	482
104	103
104	754
104	101
105	110
106	83
108	194
108	3
108	83
108	160
108	0
108	161
108	243
110	109
110	83
110	160
110	109
110	83
110	160
112	340
112	111
114	502
114	482
115	117
115	118
115	305
115	116
118	117
118	116
119	956
119	120
119	902
122	1
122	109
122	3
122	201
122	0
122	110
122	159
122	83
122	160
123	0
123	128
123	130
123	132
124	0
124	105
124	254
124	120
124	83
124	160
124	109
124	180
124	122
125	0
126	110
126	160
126	201
126	0
126	126
126	119
126	122
126	154
127	136
127	83
127	160
127	1
127	194
127	3
127	201
127	166
127	0
127	122
127	180
128	0
128	130
128	132
129	0
129	128
130	0
131	0
131	179
131	243
132	0
133	0
133	110
133	160
134	0
135	135
135	143
135	0
135	175
135	170
135	122
136	1
136	3
136	2
136	159
136	83
136	160
136	201
136	0
136	122
137	0
137	152
138	0
138	956
138	105
138	151
138	171
139	0
139	175
139	135
139	143
139	170
139	122
140	127
140	166
140	0
140	381
140	105
140	427
140	512
140	232
140	416
140	2
140	517
140	83
140	160
140	175
140	9
140	340
140	1
140	955
140	194
140	3
140	513
140	238
140	277
140	482
141	127
141	201
141	166
141	0
141	105
141	2
141	136
141	83
141	160
141	1
141	3
141	133
141	193
141	180
141	147
141	122
142	0
143	0
143	1
143	3
143	83
143	160
143	170
143	171
144	83
144	175
144	0
144	1
144	3
144	193
144	143
144	171
145	0
146	0
146	189
146	215
146	3
146	146
146	122
146	196
147	127
147	0
147	230
147	136
147	160
147	1
147	193
147	122
148	220
148	0
148	105
148	254
148	232
148	83
148	160
148	179
148	108
148	243
149	110
149	0
149	109
150	119
150	902
150	0
151	469
151	0
151	110
151	1
151	253
151	3
152	243
152	0
152	151
152	3
153	162
153	693
153	0
153	902
154	3
154	0
155	159
155	83
155	160
155	0
155	690
155	460
155	19
155	755
156	0
156	126
157	956
158	120
158	161
159	1
159	83
159	160
159	163
160	109
160	163
162	693
163	747
164	253
165	1
165	157
165	171
165	158
165	159
165	83
165	160
166	83
166	160
166	1
167	1
167	3
167	143
167	170
167	171
167	93
167	225
167	175
167	902
168	1
168	202
168	163
168	893
168	2
168	160
169	1
169	218
169	136
169	159
169	160
169	105
170	1
170	253
170	83
171	1
171	19
171	157
171	165
171	254
171	243
171	158
171	159
171	83
171	160
171	902
172	1
172	166
172	106
172	243
172	83
172	160
172	84
172	108
173	245
173	105
173	1
173	220
173	83
173	160
173	177
174	127
174	201
174	166
174	1
174	194
174	3
174	136
174	159
174	83
174	160
174	122
175	1
175	3
175	143
175	83
175	160
175	170
175	171
176	1
176	3
176	2
176	159
176	83
176	175
176	166
176	171
177	1
177	220
177	109
177	3
177	274
177	201
177	245
177	230
177	105
177	106
177	110
177	2
177	83
177	160
178	1
178	194
178	3
178	157
178	254
178	158
178	160
178	180
178	161
179	1
179	83
179	160
179	254
179	107
179	161
179	243
180	201
180	166
180	110
180	83
180	160
180	1
180	194
180	109
180	3
181	201
181	2
181	136
181	83
181	160
181	84
181	1
181	3
181	510
181	513
181	170
182	230
182	213
182	2
182	83
182	518
182	1
182	243
182	693
183	127
183	201
183	166
183	136
183	159
183	83
183	160
183	1
184	83
184	179
184	1
184	3
184	274
184	230
184	105
185	1
185	3
185	105
185	120
185	902
185	178
185	180
186	2
186	136
186	93
186	160
186	84
186	166
186	92
186	189
186	90
186	1
186	3
186	91
186	89
187	160
187	105
187	1
187	97
187	3
188	2
188	136
188	160
188	1
188	3
188	193
188	180
189	201
189	189
189	2
189	136
189	93
189	83
189	160
189	84
189	1
189	3
189	143
189	180
189	89
189	170
189	240
190	1
190	57
191	1
191	149
191	171
192	160
192	84
192	902
192	1
192	166
192	187
192	180
192	243
193	1
193	3
193	2
193	83
193	160
193	171
193	243
194	1
194	159
194	83
194	160
195	105
195	1
195	730
195	53
195	94
195	314
195	3
195	55
195	56
195	61
195	86
195	50
195	579
195	85
195	87
195	238
195	88
196	1
196	19
196	3
196	2
196	160
196	215
196	171
196	45
197	105
197	106
197	1
197	83
197	127
198	166
198	83
198	160
198	1
198	171
198	243
199	24
199	739
199	340
199	1
199	19
199	721
199	733
199	3
199	818
199	690
199	691
199	773
199	692
200	2
200	83
200	86
200	84
200	1
200	3
201	159
201	83
201	160
201	1
202	1
202	711
202	194
202	3
202	2
202	83
202	20
202	84
202	467
202	85
202	48
202	717
203	1
204	92
204	1
204	248
204	3
204	2
204	93
204	83
204	160
204	175
204	170
204	238
204	45
205	201
205	230
205	1
205	3
205	133
205	110
205	2
205	83
205	160
206	105
206	460
206	106
206	160
206	1
206	688
206	755
206	691
206	692
207	1
207	149
208	54
208	167
208	57
208	1
208	314
208	171
209	537
209	384
209	105
209	2
209	160
209	84
209	25
209	340
209	1
209	3
209	513
209	514
209	85
209	10
209	238
210	245
210	83
210	177
210	1
210	173
210	220
211	275
211	83
211	739
211	518
211	108
211	1
211	274
211	184
212	136
212	160
212	201
212	105
212	106
212	1
213	153
213	83
213	179
213	1
213	133
213	182
213	162
213	243
214	83
214	105
214	1
214	223
215	2
215	83
215	160
215	41
215	38
215	36
215	254
215	37
215	1
215	19
215	3
215	171
215	45
216	83
216	160
216	166
216	92
216	106
216	1
217	232
217	1
217	955
217	513
218	105
218	1
218	109
218	3
218	218
218	110
218	136
218	83
218	160
219	1
219	3
219	133
219	2
219	205
220	254
220	1
220	83
220	160
220	108
220	243
221	1
221	217
221	237
221	177
222	1
222	244
222	3
222	2
222	159
222	83
222	84
222	265
222	235
222	181
222	247
222	122
222	141
222	224
223	83
223	105
223	1
224	201
224	105
224	189
224	1
224	3
224	143
224	2
224	83
224	160
224	84
224	177
224	91
224	89
224	170
224	240
225	1
225	159
225	83
225	160
225	171
225	243
226	2
226	86
226	84
226	340
226	1
226	3
226	691
226	692
227	160
227	50
227	9
227	84
227	105
227	736
227	1
227	53
227	314
227	3
227	85
228	416
228	517
228	159
228	160
228	9
228	340
228	38
228	511
228	645
228	460
228	512
228	1
228	955
228	651
228	482
229	2
229	230
229	105
229	1
229	162
229	242
230	1
230	3
230	2
230	83
230	243
231	1
231	194
231	3
231	166
231	83
231	160
231	171
232	1
232	38
232	690
232	105
232	460
232	37
233	1
233	836
233	83
233	160
233	745
233	837
233	162
233	163
234	2
234	83
234	1
234	3
235	2
235	159
235	83
235	160
235	84
235	1
235	3
235	162
236	136
236	160
236	236
236	1
236	127
236	201
236	180
237	1
237	217
237	232
238	254
238	83
238	1
238	238
238	243
239	201
239	159
239	160
239	1
239	133
239	122
239	163
240	105
240	110
240	158
240	160
240	1
240	3
240	243
241	230
241	105
241	2
241	1
241	162
241	242
242	184
242	243
242	734
242	230
242	213
242	83
242	179
242	1
242	220
242	711
243	161
243	254
243	158
243	159
243	83
243	160
243	1
243	95
244	181
244	155
244	2
244	159
244	160
244	84
244	1
244	3
244	219
245	166
245	1
245	220
245	160
245	179
246	1
247	181
247	155
247	2
247	159
247	160
247	84
247	265
247	235
247	753
247	1
247	3
247	219
248	238
248	92
248	2
248	83
249	92
249	90
249	2
249	93
249	160
249	86
249	84
249	822
249	3
249	143
249	91
249	181
249	85
250	230
250	2
251	2
251	93
251	175
251	92
251	105
251	189
251	90
251	91
251	89
251	88
252	2
252	160
255	127
255	174
255	3
255	136
255	160
255	147
255	122
256	3
256	159
256	83
256	160
256	108
257	38
257	105
257	460
257	37
257	512
257	59
257	160
257	98
257	390
257	340
257	3
257	755
257	752
258	3
258	189
258	90
258	160
258	175
258	756
259	83
259	273
259	3
259	170
260	127
260	3
260	693
261	3
261	105
261	120
261	902
261	180
262	273
262	3
263	37
263	3
263	143
264	61
264	3
264	171
265	83
265	160
265	460
265	3
265	510
265	755
266	902
266	106
266	3
267	896
267	149
267	109
267	3
268	3
268	956
268	254
268	120
270	273
270	275
271	22
272	317
273	259
273	170
274	83
275	83
275	274
275	325
277	482
278	304
278	111
278	317
279	4
279	269
280	284
280	886
280	315
280	4
280	293
280	964
280	5
280	286
280	304
281	5
281	4
281	161
282	4
282	269
282	292
283	318
283	270
283	4
283	284
283	312
284	317
284	5
284	4
284	302
284	278
285	5
285	4
285	900
285	302
285	293
285	284
285	286
285	304
286	315
286	317
286	32
286	680
286	4
286	302
286	682
286	683
286	304
286	305
286	278
287	4
287	340
287	496
287	645
287	513
287	514
288	5
288	4
288	83
288	304
288	325
289	4
289	272
289	5
289	105
289	274
289	315
289	304
289	305
290	4
290	269
290	711
291	269
291	292
291	4
292	269
292	4
293	5
293	4
293	302
293	304
294	4
294	269
295	6
295	42
295	4
295	695
295	475
296	5
296	270
296	4
296	300
297	201
297	106
297	269
297	4
298	286
298	304
298	317
298	5
298	284
298	886
298	315
298	4
298	302
298	293
299	284
299	870
299	286
299	304
299	6
299	37
299	4
299	340
300	5
300	4
301	5
301	4
301	315
302	302
302	305
303	105
303	303
303	274
305	315
305	317
305	304
305	116
306	5
306	284
306	306
306	886
306	66
306	293
306	286
306	304
307	284
307	302
307	5
307	304
307	305
307	278
308	5
309	302
309	284
309	5
309	286
309	305
311	313
311	135
311	314
311	321
311	175
311	170
311	163
312	318
312	270
312	324
313	163
314	53
314	370
314	311
314	135
314	143
314	737
314	175
314	958
315	317
316	684
316	679
316	681
321	135
321	143
321	321
321	175
321	170
321	163
326	748
326	6
327	993
327	314
327	319
327	736
327	321
327	50
327	6
327	163
328	6
329	57
329	645
329	319
329	327
329	314
329	321
329	6
330	6
331	513
331	277
331	692
331	957
331	45
331	38
331	36
331	995
331	32
331	690
331	680
331	37
331	427
331	19
331	688
331	416
331	30
331	517
331	20
331	7
331	683
332	7
333	650
333	514
333	10
333	101
333	511
333	672
333	645
333	460
333	427
333	512
333	688
333	97
333	955
333	831
333	333
333	8
333	834
333	517
333	810
333	24
333	838
333	9
333	340
333	630
333	773
333	419
333	746
334	683
334	680
334	722
334	955
334	8
335	8
336	338
336	683
336	955
336	8
336	334
336	722
337	10
337	419
337	427
337	321
337	340
337	955
337	532
337	8
338	8
339	339
339	418
339	335
339	338
339	661
339	955
339	228
339	8
340	691
340	692
341	340
341	691
342	9
342	41
342	854
342	38
342	36
342	381
342	680
342	37
342	957
343	416
343	517
343	390
343	9
343	340
343	427
343	419
344	455
344	9
344	427
344	483
345	455
345	9
345	381
346	637
346	518
346	9
346	340
346	381
346	753
346	467
346	638
346	514
347	114
347	502
347	9
348	416
348	517
348	9
348	340
348	893
348	38
348	511
348	381
348	645
348	460
348	512
348	955
348	651
349	9
349	381
349	427
349	569
350	9
350	340
350	511
350	427
350	955
350	10
350	418
351	416
351	517
351	9
351	340
351	512
351	509
351	955
351	513
351	516
352	381
352	512
352	644
352	449
352	450
352	9
352	513
352	466
352	11
353	381
353	341
353	955
353	444
353	532
353	475
353	9
353	661
353	419
354	381
354	460
354	753
354	637
354	390
354	9
354	723
354	340
354	467
355	537
355	543
355	645
355	9
355	513
355	10
355	466
356	9
356	456
356	501
356	361
357	331
357	654
357	80
357	830
357	114
357	9
357	483
358	101
358	97
358	9
358	10
358	515
358	819
359	676
359	480
359	637
359	367
359	9
359	638
359	515
359	413
360	9
360	691
361	60
361	381
361	491
361	59
361	9
361	58
361	466
362	381
362	460
362	491
362	637
362	9
362	340
362	638
362	419
363	381
363	644
363	390
363	9
363	12
364	416
364	9
364	340
364	364
364	38
364	226
364	691
365	416
365	9
365	340
365	381
365	512
365	755
366	9
367	637
367	9
367	638
368	834
368	9
368	340
368	60
368	676
368	226
368	413
369	59
369	9
369	58
370	9
370	902
370	896
370	60
370	58
370	226
371	444
371	452
371	9
371	672
371	381
371	491
371	319
371	515
371	466
371	819
372	637
372	450
372	9
372	381
372	105
373	9
373	381
373	341
373	513
373	708
373	466
374	449
374	9
374	12
374	444
374	475
374	15
374	355
374	381
375	83
375	9
375	25
375	13
375	532
375	384
375	511
375	513
375	651
375	10
375	516
376	9
377	381
377	644
377	688
377	354
377	955
377	363
377	9
377	12
377	340
377	467
378	381
378	449
378	637
378	9
378	638
379	114
379	9
379	485
380	691
380	651
380	645
380	9
380	340
380	360
381	341
381	460
381	637
381	9
381	340
382	637
382	9
383	446
383	9
383	422
383	344
384	509
384	955
384	512
384	416
384	517
384	9
384	340
384	513
384	514
384	516
385	42
385	9
385	58
386	513
386	514
386	381
386	460
386	9
386	340
387	674
387	534
387	32
387	381
387	637
387	9
387	13
388	10
388	381
388	549
388	9
388	532
389	114
389	9
390	277
390	381
390	645
390	9
391	513
391	76
391	514
391	412
391	637
391	9
391	340
391	75
391	444
392	515
392	637
392	9
392	902
392	58
392	754
392	226
393	645
393	460
393	512
393	416
393	517
393	637
393	9
393	340
393	688
394	428
394	381
394	9
394	340
395	42
395	47
395	48
395	46
395	45
395	381
395	37
395	532
395	475
395	9
395	962
395	41
396	381
396	9
397	467
397	513
397	514
397	645
397	512
397	955
397	510
397	416
397	9
397	340
398	381
398	9
399	638
399	10
399	381
399	341
399	441
399	517
399	450
399	453
399	9
399	12
400	381
400	9
401	645
401	9
402	692
402	516
402	9
403	496
403	831
403	448
403	9
403	381
404	513
404	650
404	514
404	10
404	419
404	516
404	384
404	517
404	9
404	340
404	509
404	532
405	413
405	9
405	674
405	475
406	637
406	9
407	637
407	390
407	9
408	45
408	32
408	381
408	680
408	44
408	37
408	390
408	9
408	41
408	682
408	854
408	449
408	36
409	381
409	9
409	364
410	11
410	644
410	9
410	340
411	422
411	483
411	9
412	76
412	9
412	340
412	533
412	74
412	397
412	460
412	75
413	677
413	516
413	9
413	340
413	60
413	512
414	638
414	409
414	11
414	637
414	450
414	9
414	364
414	401
414	381
415	513
415	893
415	593
415	73
415	80
415	9
415	415
416	226
416	691
416	893
416	38
416	381
416	9
416	340
417	638
417	9
418	651
418	638
418	692
418	416
418	517
418	637
418	9
418	340
418	364
418	645
418	460
418	427
418	512
419	733
419	514
419	418
419	416
419	517
419	9
419	340
419	820
419	381
419	427
420	114
420	9
420	381
421	9
422	638
422	9
422	381
423	652
423	496
423	604
423	514
423	883
423	9
423	543
423	381
424	370
424	58
424	226
424	515
424	59
424	637
424	9
425	955
425	517
425	9
425	340
425	381
425	427
426	381
426	513
426	466
426	9
427	692
427	690
427	381
427	59
427	9
427	340
427	955
428	413
428	381
428	637
428	9
428	58
429	11
429	381
429	457
429	455
429	9
430	691
430	381
430	645
430	460
430	9
431	9
431	340
431	592
431	673
431	674
431	650
431	667
431	669
432	9
432	340
432	786
432	649
432	555
432	10
432	883
432	482
432	483
433	669
433	9
433	340
433	797
433	665
433	673
433	431
433	674
433	464
433	31
433	604
433	650
433	667
433	883
433	419
434	9
434	340
435	515
435	466
435	452
435	453
435	9
435	12
435	381
435	435
435	352
436	425
436	450
436	9
436	12
436	372
436	381
437	9
437	381
438	10
438	549
438	388
438	9
438	74
438	75
439	650
439	10
439	466
439	419
439	637
439	388
439	9
439	661
439	12
439	13
439	14
439	444
440	638
440	9
440	381
440	644
440	464
441	637
441	9
442	9
443	638
443	10
443	483
443	9
444	515
444	466
444	419
444	893
444	381
444	637
444	9
444	661
445	819
445	381
445	637
445	9
446	9
447	639
447	59
447	24
447	20
447	9
447	381
447	29
447	515
448	9
448	381
449	733
449	24
449	450
449	9
449	773
449	11
450	637
450	9
450	381
450	512
450	638
451	498
451	75
451	520
451	531
451	532
451	80
451	9
451	661
451	893
451	74
451	381
451	507
451	580
451	419
451	418
452	676
452	370
452	452
452	453
452	9
452	60
452	672
452	381
452	491
452	515
452	419
452	413
452	819
453	676
453	783
453	532
453	352
453	810
453	452
453	453
453	9
453	12
453	13
453	428
453	672
453	381
453	584
453	341
453	491
453	427
453	512
453	677
453	812
453	650
453	417
453	10
453	515
453	466
453	413
453	516
453	819
454	114
454	455
454	9
454	381
454	569
455	9
455	672
455	645
455	515
456	58
456	711
456	9
456	456
456	381
457	688
457	955
457	480
457	9
457	340
457	474
457	381
457	427
457	644
458	509
458	520
458	416
458	517
458	9
458	661
458	25
458	340
458	10
458	515
458	569
458	419
458	516
458	418
459	455
459	9
459	427
459	344
459	485
459	483
460	416
460	9
460	340
460	755
460	512
460	692
460	752
461	416
461	9
461	25
461	509
461	510
461	530
461	511
461	10
461	419
461	516
462	381
462	9
463	381
463	9
464	460
464	9
464	340
465	455
465	9
465	344
465	485
465	459
465	483
466	381
466	341
466	637
466	9
466	513
466	638
466	514
466	466
466	483
467	58
467	226
467	893
467	460
467	59
467	416
467	83
467	9
467	340
467	691
468	381
468	9
468	340
469	58
469	9
470	389
470	114
470	9
470	340
470	381
470	638
471	455
471	9
471	381
471	708
471	344
471	483
472	381
472	460
472	427
472	644
472	480
472	9
472	12
472	688
472	638
472	409
472	11
473	9
473	513
473	466
474	645
474	416
474	9
474	393
474	340
474	688
474	955
475	435
475	955
475	381
475	486
475	341
475	737
475	452
475	453
475	9
475	661
475	12
475	10
475	466
475	419
475	418
476	688
476	517
476	9
476	340
476	645
476	512
476	651
477	9
478	955
478	9
478	340
478	101
478	427
479	455
479	9
479	344
479	485
479	459
479	483
480	754
480	59
480	9
480	956
481	955
481	511
481	427
481	9
481	340
481	650
481	516
481	418
482	38
482	101
482	690
482	645
482	460
482	37
482	753
482	512
482	106
482	688
482	58
482	226
482	755
482	59
482	416
482	517
482	160
482	98
482	390
482	9
482	902
482	340
482	364
482	691
482	651
482	692
482	752
483	38
483	341
483	460
483	226
483	416
483	9
483	340
483	691
484	672
484	381
484	486
484	637
484	9
484	424
484	638
484	10
484	515
484	819
485	381
485	480
485	9
485	340
485	638
486	452
486	9
486	676
486	466
486	819
487	381
487	491
487	59
487	901
487	9
487	370
487	688
487	29
487	841
487	466
487	819
488	416
488	9
488	755
488	692
489	9
490	416
490	517
490	24
490	9
490	661
490	84
490	25
490	12
490	13
490	683
490	509
490	654
490	689
490	510
490	513
490	514
490	10
490	515
490	419
490	516
490	537
490	543
490	384
490	32
490	511
490	381
490	512
491	637
491	9
491	341
491	692
492	492
492	493
492	955
492	893
492	397
492	591
492	427
492	736
492	9
492	579
492	340
492	10
492	418
493	53
493	688
493	475
493	649
493	57
493	737
493	319
493	736
493	61
493	9
493	52
493	848
493	413
493	418
494	826
494	512
494	9
494	340
494	676
494	831
494	755
494	772
494	482
495	381
495	644
495	480
495	9
495	12
495	228
495	425
495	641
495	409
495	11
496	645
496	427
496	512
496	9
496	340
496	509
496	650
496	10
496	516
496	837
496	513
497	60
497	834
497	368
497	9
497	340
497	676
497	413
498	78
498	9
498	811
498	74
498	75
498	534
498	464
498	80
498	504
498	77
498	76
499	9
499	723
499	12
499	537
499	74
499	32
499	381
499	673
499	341
499	676
499	534
499	475
499	80
499	15
499	513
499	650
499	425
499	76
499	10
499	515
499	419
499	11
500	688
500	755
500	101
500	105
500	645
500	512
500	517
500	9
500	340
500	651
500	482
501	58
501	711
501	54
501	9
501	456
501	381
501	170
502	160
502	9
502	105
502	460
502	638
503	75
503	654
503	534
503	80
503	74
503	382
503	452
503	9
503	10
504	639
504	9
504	10
505	637
505	9
506	537
506	384
506	381
506	836
506	460
506	517
506	598
506	9
506	340
506	364
506	509
506	576
506	955
506	532
506	513
506	10
506	170
506	404
506	466
506	419
506	516
507	893
507	820
507	381
507	637
507	9
507	661
507	340
507	520
507	532
507	651
507	10
507	569
507	419
508	511
508	672
508	381
508	836
508	645
508	460
508	512
508	416
508	517
508	9
508	340
508	509
508	688
508	955
508	510
508	676
508	638
508	514
508	413
508	516
508	418
508	837
508	467
508	513
509	758
509	23
509	427
509	340
509	516
511	691
511	692
511	690
511	836
511	645
511	512
511	19
511	340
512	340
512	651
513	511
513	836
513	645
513	460
513	512
513	416
513	517
513	340
513	688
513	955
513	510
513	467
513	514
513	170
513	516
516	955
516	837
516	651
516	692
516	416
516	517
516	83
516	390
516	340
516	893
516	836
516	460
516	512
516	106
517	893
517	341
517	517
517	340
518	955
518	390
518	340
518	381
518	427
518	467
519	513
519	651
519	514
519	10
519	569
519	418
519	416
519	517
519	548
519	340
519	13
519	427
519	576
519	955
519	532
520	10
520	419
520	661
520	532
521	10
521	482
521	521
522	604
522	10
522	516
523	10
523	569
523	516
523	418
523	416
523	893
523	536
523	836
523	427
523	831
524	571
524	650
524	10
524	669
524	481
524	665
524	980
524	519
524	496
524	80
525	10
525	101
525	525
526	10
526	569
526	419
526	661
526	543
526	520
526	531
526	573
527	571
527	513
527	514
527	10
527	419
527	537
527	644
527	688
527	955
527	228
528	10
528	569
528	893
528	580
528	340
528	695
528	13
529	10
529	419
529	661
529	654
530	10
531	650
531	10
531	569
531	419
531	416
531	661
531	340
531	13
531	820
531	427
531	576
531	674
531	654
531	955
532	837
532	651
532	10
532	419
532	516
532	418
532	820
532	836
532	645
532	427
532	512
532	517
532	340
532	831
532	228
533	650
533	10
533	419
533	427
533	831
533	532
533	810
533	340
534	650
534	81
534	76
534	10
534	74
534	498
534	75
534	438
534	464
534	80
534	661
534	13
535	10
535	537
535	543
535	612
535	577
535	661
535	340
536	513
536	651
536	10
536	418
536	893
536	820
536	831
536	416
536	517
536	810
536	723
537	513
537	514
537	10
537	516
537	543
537	384
537	723
537	13
538	10
538	27
538	340
539	10
539	538
539	607
539	340
540	650
540	514
540	10
540	419
540	822
540	654
540	531
540	537
540	561
540	543
540	490
540	584
540	427
540	416
540	549
540	388
540	598
540	661
540	13
541	467
541	513
541	650
541	651
541	514
541	85
541	10
541	515
541	419
541	516
541	418
541	11
541	537
541	543
541	397
541	384
541	511
541	672
541	836
541	645
541	460
541	512
541	508
541	676
541	509
541	688
541	955
541	510
541	416
541	517
541	84
541	12
541	340
541	564
541	13
542	10
542	419
542	831
542	340
543	513
543	10
543	384
544	10
544	24
545	10
545	516
545	384
545	820
545	542
545	661
545	340
546	10
546	27
546	538
546	607
546	24
546	340
547	10
547	893
547	427
547	340
548	10
548	569
548	419
548	893
548	416
548	517
548	632
548	481
548	654
548	532
549	10
549	584
550	513
550	514
550	10
550	490
550	723
550	340
551	10
551	340
552	10
552	516
552	418
552	427
552	517
552	546
552	632
552	34
552	12
552	13
552	521
552	654
553	10
553	83
553	337
553	579
553	340
553	955
554	10
554	238
554	204
554	160
554	340
555	40
555	10
555	883
555	482
555	893
555	584
555	645
555	460
555	340
555	688
555	496
555	649
556	513
556	10
556	419
556	340
557	85
557	10
557	105
557	645
557	834
557	340
558	513
558	651
558	558
558	10
558	672
558	836
558	460
558	427
558	416
558	517
558	340
558	364
559	650
559	651
559	10
559	419
559	418
559	530
559	416
559	517
559	661
559	13
559	520
559	955
560	10
560	569
560	418
560	736
560	57
560	737
560	517
560	54
560	579
560	53
560	955
560	573
561	650
561	10
561	569
561	418
561	620
561	427
561	416
561	517
561	340
561	13
561	576
561	654
561	531
562	520
562	688
562	841
562	10
562	418
563	10
563	419
563	516
563	418
563	820
563	427
563	416
563	810
563	340
564	19
564	520
564	444
564	532
564	650
564	10
564	419
564	418
564	427
564	416
564	517
564	661
564	13
565	340
565	513
565	10
565	590
565	419
566	522
566	652
566	531
566	604
566	650
566	667
566	10
566	419
566	516
567	10
567	955
568	10
568	45
568	41
568	682
568	340
568	854
568	683
568	38
568	32
568	680
568	37
568	722
569	10
569	810
569	13
569	673
570	10
570	44
571	955
571	10
571	419
571	13
571	893
572	314
572	10
572	85
572	51
572	55
572	54
572	61
572	50
572	579
572	36
572	57
572	37
572	737
573	427
573	576
573	521
573	496
573	416
573	546
573	340
573	10
573	418
574	666
574	531
574	481
574	25
574	340
574	13
574	650
574	10
574	419
575	645
575	37
575	913
575	955
575	10
575	277
575	46
576	460
576	427
576	654
576	955
576	532
576	416
576	517
576	661
576	340
576	10
576	569
576	419
577	661
577	564
577	520
577	531
577	573
577	650
577	10
577	419
578	811
578	74
578	75
578	534
578	80
578	650
578	77
578	76
578	10
579	53
579	416
579	517
579	84
579	955
579	314
579	10
579	85
580	427
580	517
580	661
580	519
580	520
580	532
580	10
580	569
580	419
580	418
581	341
581	58
581	416
581	500
581	340
581	10
581	482
581	483
581	11
582	645
582	427
582	512
582	416
582	340
582	364
582	10
582	419
583	427
583	340
583	571
583	10
583	419
584	818
584	820
584	786
584	460
584	427
584	416
584	517
584	24
584	25
584	340
584	509
584	651
584	514
584	10
584	516
585	893
585	427
585	517
585	959
585	340
585	519
585	654
585	955
585	513
585	10
585	698
585	419
585	418
586	36
586	37
586	427
586	12
586	340
586	683
586	10
586	483
587	520
587	831
587	226
587	893
587	331
587	60
587	645
587	661
587	677
587	10
587	47
587	418
588	831
588	893
588	36
588	645
588	37
588	682
588	854
588	683
588	10
588	47
588	46
588	45
588	716
588	867
589	446
589	455
589	422
589	10
589	483
590	490
590	551
590	340
590	13
590	513
590	10
590	419
591	381
591	644
591	446
591	513
591	10
591	470
592	666
592	427
592	520
592	531
592	955
592	532
592	416
592	517
592	600
592	481
592	661
592	340
592	564
592	13
592	650
592	559
592	10
592	569
592	419
592	418
593	427
593	496
593	831
593	723
593	340
593	467
593	514
593	10
594	416
594	810
594	340
594	831
594	513
594	10
595	460
595	375
595	340
595	532
595	514
595	10
595	419
595	513
596	74
596	578
596	811
596	75
596	534
596	80
596	650
596	77
596	76
596	10
597	74
597	381
597	578
597	811
597	75
597	534
597	80
597	650
597	77
597	76
597	10
598	509
598	723
598	340
598	537
598	384
598	836
598	513
598	514
598	10
598	466
598	419
598	516
599	509
599	517
599	24
599	25
599	340
599	820
599	786
599	460
599	427
599	513
599	651
599	514
599	10
599	419
599	516
600	955
600	532
600	517
600	723
600	661
600	12
600	340
600	13
600	537
600	820
600	427
600	650
600	651
600	10
600	419
600	418
601	340
601	402
601	645
601	10
601	419
601	692
601	516
601	482
602	34
602	564
602	893
602	833
602	955
602	10
602	42
602	47
602	48
602	45
603	820
603	427
603	10
603	419
603	418
604	460
604	427
604	416
604	517
604	340
604	676
604	228
604	513
604	651
604	10
604	516
605	416
605	810
605	543
605	645
605	613
605	689
605	831
605	513
605	812
605	10
606	416
606	517
606	25
606	384
606	511
606	381
606	512
606	509
606	510
606	513
606	514
606	10
606	515
606	419
606	516
606	482
607	10
608	645
608	416
608	517
608	340
608	364
608	688
608	10
608	516
608	482
609	673
609	427
609	416
609	517
609	548
609	661
609	340
609	13
609	576
609	519
609	955
609	532
609	650
609	651
609	10
609	569
609	419
609	418
610	340
610	537
610	576
610	654
610	10
611	661
611	13
611	427
611	893
611	27
611	836
611	669
611	24
611	810
611	481
611	531
611	831
611	419
611	692
611	571
611	650
611	803
611	10
612	576
612	521
612	10
613	688
613	228
613	10
614	444
614	532
614	15
614	355
614	12
614	10
615	27
615	532
615	449
615	24
615	549
615	340
615	10
616	688
616	955
616	10
617	818
617	766
617	10
618	74
618	498
618	75
618	80
618	811
618	76
618	10
619	893
619	36
619	32
619	44
619	37
619	906
619	973
619	682
619	340
619	683
619	10
619	49
619	47
619	48
619	45
619	866
620	416
620	517
620	661
620	340
620	13
620	427
620	576
620	520
620	654
620	532
620	617
620	650
620	10
620	569
620	418
621	558
621	10
622	893
622	10
622	622
623	893
623	776
623	24
623	831
623	10
624	10
625	427
625	517
625	340
625	955
625	10
625	418
626	517
626	552
626	723
626	13
626	612
626	955
626	532
626	10
626	419
627	10
627	569
628	455
628	340
628	10
629	340
629	10
630	427
630	19
630	691
630	29
630	10
631	55
631	54
631	682
631	38
631	32
631	680
631	37
631	10
631	49
631	45
632	416
632	517
632	893
632	955
632	532
632	10
632	419
633	416
633	517
633	548
633	481
633	576
633	955
633	10
633	569
633	418
634	34
634	661
634	340
634	520
634	573
634	612
634	10
634	419
635	496
635	427
635	10
635	516
636	645
636	340
636	688
636	10
639	11
639	12
639	381
640	819
640	11
641	19
641	688
641	228
641	513
641	514
641	11
641	480
641	340
641	512
642	498
642	80
642	11
643	452
643	643
643	340
643	381
643	515
643	11
644	480
644	381
644	512
644	644
644	688
644	513
644	514
644	11
645	416
645	517
645	902
645	340
645	460
645	651
646	413
646	12
647	537
647	688
647	689
647	649
647	517
647	12
647	340
648	479
648	114
648	455
648	695
648	12
648	471
648	345
648	349
649	893
649	537
649	543
649	584
649	427
649	688
649	689
649	496
649	955
649	517
649	12
649	340
649	40
649	482
649	483
650	651
650	419
650	482
650	418
650	427
650	517
650	340
650	955
651	340
652	604
652	419
652	516
652	661
652	340
652	13
653	650
653	81
653	77
653	76
653	13
653	797
653	74
653	75
653	534
653	464
654	513
654	651
654	45
654	24
654	13
654	537
654	381
654	786
654	645
655	650
655	13
655	666
655	662
655	531
656	666
656	13
656	654
656	531
656	418
657	481
657	340
657	13
657	513
658	340
658	13
658	650
659	893
659	427
659	512
659	810
659	481
659	500
659	340
659	13
659	831
659	746
659	513
659	650
659	651
659	514
659	419
659	516
660	669
660	835
660	25
660	340
660	13
660	820
660	650
661	13
662	481
662	13
662	419
663	89
663	650
663	85
663	199
663	490
663	90
663	13
663	94
664	513
664	514
664	537
664	384
664	340
664	13
665	571
665	31
665	650
665	667
665	783
665	520
665	496
665	669
665	13
665	507
666	650
666	651
666	418
666	531
666	481
666	84
666	13
667	513
667	650
667	537
667	25
667	13
667	520
667	532
668	42
668	833
668	820
668	13
669	571
669	650
669	569
669	419
669	481
669	340
669	13
670	571
670	650
670	569
670	669
670	481
670	340
670	13
671	531
671	650
671	666
671	13
672	893
672	836
672	645
672	460
672	955
672	416
672	517
672	340
675	14
675	795
675	829
675	25
675	499
675	444
675	352
676	676
676	955
676	893
676	672
676	836
676	645
676	460
676	416
676	517
676	340
678	105
678	721
678	221
678	94
678	140
678	15
678	467
678	238
679	684
679	304
680	637
680	340
680	854
680	955
680	37
680	427
680	722
681	684
681	679
682	45
682	32
682	680
682	682
682	683
683	38
683	36
683	37
683	854
684	341
684	304
684	747
685	16
686	42
686	16
686	534
686	475
687	16
688	416
688	340
688	38
688	460
688	755
688	512
690	22
690	691
690	692
692	691
693	253
695	19
695	691
695	161
695	690
695	92
696	19
696	691
696	746
696	20
696	745
696	690
696	786
697	19
697	690
698	19
698	274
698	467
698	418
698	340
699	19
699	691
699	29
699	699
699	30
699	22
699	20
699	690
700	676
700	19
700	509
700	58
700	955
700	226
700	837
700	513
700	29
700	238
700	277
700	47
700	692
700	516
700	45
700	59
700	416
700	39
700	22
700	637
700	850
700	901
700	745
700	902
700	340
700	854
700	683
700	60
700	38
700	36
700	995
700	672
700	690
700	836
700	680
700	645
700	460
700	37
700	427
700	35
701	19
702	37
702	19
702	41
702	45
703	735
703	35
703	19
704	19
704	496
704	690
704	30
704	740
704	29
705	19
705	30
705	29
706	19
706	360
706	645
706	691
706	692
706	380
707	19
707	724
708	19
708	955
708	416
708	30
708	517
708	22
708	20
708	41
708	340
708	683
708	38
708	36
708	32
708	37
708	513
708	29
708	466
708	697
709	690
709	735
709	737
709	19
709	29
710	19
710	30
710	962
710	750
711	734
711	715
711	518
711	19
711	721
711	469
711	170
711	729
712	766
712	724
712	19
713	690
713	30
713	740
713	19
713	721
713	704
713	29
714	19
715	30
715	19
715	427
715	170
716	39
716	20
716	41
716	682
716	683
716	38
716	36
716	32
716	44
716	37
716	898
716	19
716	691
716	29
716	47
716	48
716	46
716	957
716	45
717	22
717	20
717	518
717	690
717	735
717	19
717	721
717	711
717	467
717	29
717	699
718	98
718	41
718	340
718	38
718	690
718	645
718	37
718	19
718	228
718	47
718	419
718	516
718	482
718	957
719	19
719	29
720	390
720	690
720	753
720	19
720	691
721	20
721	690
721	19
722	19
723	517
723	24
723	340
723	19
723	733
723	831
723	820
723	427
723	512
723	513
723	514
723	773
723	419
723	418
724	19
725	24
725	739
725	723
725	19
725	733
725	511
725	690
726	19
726	690
726	735
726	30
726	22
726	20
726	692
726	694
727	19
727	170
728	19
728	645
728	693
729	427
729	715
729	30
729	19
729	170
730	29
730	54
730	61
730	20
730	50
730	737
730	736
730	19
730	839
730	843
731	691
731	692
731	694
731	690
731	735
731	19
732	691
732	651
732	692
732	482
732	690
732	645
732	19
732	24
732	340
733	645
733	745
733	19
734	170
734	427
734	715
734	30
734	19
735	19
735	22
736	29
736	841
736	690
736	737
736	19
736	688
737	29
737	19
737	955
737	690
737	338
737	901
738	29
738	19
738	690
738	44
738	50
739	691
739	690
739	19
740	746
740	29
740	773
740	690
740	30
740	838
740	22
740	20
740	745
740	19
741	690
741	20
741	19
742	29
742	163
742	692
742	690
742	57
742	737
742	736
742	19
742	53
742	955
742	475
742	54
742	20
742	742
743	513
743	29
743	834
743	24
743	723
743	340
743	818
743	836
743	460
743	427
743	19
743	783
743	955
743	831
745	690
745	836
745	691
745	837
745	692
746	836
746	460
746	416
746	745
746	340
746	837
748	76
748	20
749	44
749	20
750	30
750	20
750	962
750	750
750	767
751	531
751	689
751	831
751	513
751	650
751	514
751	666
751	24
751	835
751	751
751	20
751	723
751	84
752	340
753	752
753	690
753	460
754	637
756	22
756	84
756	45
757	22
759	23
760	23
761	23
761	766
761	115
762	23
763	758
763	23
763	768
764	766
764	23
764	115
765	23
766	23
767	23
767	763
768	23
769	651
769	893
769	93
769	175
769	340
769	783
769	135
769	23
770	23
771	673
771	737
771	736
771	338
771	23
772	691
772	516
772	511
772	645
772	340
773	514
773	340
773	690
773	427
774	512
776	24
776	340
776	893
776	818
777	24
777	340
777	381
777	644
777	446
778	24
779	24
779	340
779	774
779	512
779	514
780	893
780	24
781	427
781	784
781	24
781	340
781	773
782	24
782	854
783	783
783	24
783	838
783	340
784	733
784	24
784	340
784	773
785	24
785	694
786	460
786	24
786	340
786	697
787	24
788	645
788	416
788	24
788	810
788	723
788	340
788	512
788	812
788	419
789	75
789	464
789	615
789	74
789	27
789	24
789	81
789	76
790	24
790	546
790	340
790	27
790	516
791	774
791	826
791	831
791	809
791	24
791	467
792	24
792	795
792	340
792	27
793	24
794	774
794	809
794	24
794	791
795	803
795	773
795	341
795	449
795	24
796	893
796	24
796	340
797	81
797	76
797	74
797	27
797	75
797	464
797	615
797	24
798	803
798	773
798	24
799	812
799	514
799	304
799	774
799	512
799	509
799	810
799	24
799	775
799	272
799	340
800	24
801	24
801	502
802	24
802	811
803	773
803	818
803	786
803	24
803	340
803	733
804	607
804	24
804	546
805	24
805	811
806	95
806	24
806	775
806	97
806	101
807	101
807	777
807	381
807	352
807	24
807	796
807	340
808	691
808	732
808	690
808	703
808	735
808	24
809	831
809	228
809	460
809	512
809	810
809	809
809	24
809	723
810	509
810	228
810	513
810	514
810	516
810	774
810	511
810	690
810	645
810	460
810	512
810	24
810	775
810	723
810	340
811	498
811	80
811	29
811	27
811	735
811	30
811	24
811	447
812	514
812	513
812	775
812	723
812	810
812	24
812	821
812	460
812	512
813	24
813	811
814	24
814	25
814	818
814	26
815	24
815	778
815	538
816	831
816	816
816	24
816	27
817	753
817	512
817	810
817	24
817	390
818	733
818	773
818	24
819	105
821	340
821	512
821	692
821	482
822	513
822	514
822	85
822	723
822	84
822	25
822	340
822	537
823	733
823	821
823	25
823	340
824	25
824	818
825	25
825	340
825	774
825	688
826	774
826	817
826	831
826	160
826	25
826	340
827	513
827	650
827	537
827	540
827	822
827	670
827	25
828	513
828	419
828	723
828	25
828	733
829	419
829	820
829	733
829	25
829	340
830	688
830	841
830	331
830	774
830	460
830	104
830	810
830	830
830	723
830	25
831	746
831	514
831	773
831	419
831	820
831	836
831	427
831	834
831	340
831	733
831	831
834	511
834	836
834	645
834	460
834	416
834	517
834	340
834	837
834	651
835	650
835	340
836	416
836	340
836	691
836	837
836	692
836	38
836	690
836	836
836	645
837	691
837	692
837	38
837	690
837	836
837	645
837	416
837	340
838	773
838	516
838	427
838	340
839	29
839	170
840	29
840	745
841	29
841	957
841	45
841	418
841	331
841	36
841	105
841	37
841	39
841	901
841	518
841	393
841	676
841	688
842	29
842	37
842	766
842	682
843	737
843	29
844	737
844	29
845	843
845	737
845	29
846	331
846	36
846	105
846	39
846	901
846	518
846	393
846	29
846	957
846	45
846	418
847	843
847	737
847	736
847	29
848	688
848	311
848	331
848	259
848	737
848	736
848	901
848	393
848	29
848	841
848	170
848	242
848	957
848	846
849	338
849	331
849	44
849	29
849	482
850	907
850	30
850	902
850	38
850	36
850	37
850	238
850	277
850	957
851	30
852	30
853	690
853	31
854	38
854	460
854	482
855	32
855	683
856	987
856	448
856	83
856	160
856	179
856	682
856	683
856	32
856	90
856	238
856	243
857	682
857	32
858	32
858	35
858	722
858	682
858	41
858	870
858	976
858	987
858	46
859	38
859	36
859	32
859	898
859	722
859	39
859	901
859	41
860	32
860	680
860	682
861	859
861	38
861	36
861	32
861	37
861	898
861	35
861	39
861	877
861	875
861	41
861	47
861	45
862	32
862	680
863	38
863	36
863	32
863	37
863	898
863	722
863	39
863	901
863	41
864	32
864	41
864	683
865	38
865	32
865	41
866	973
866	682
866	683
866	38
866	36
866	32
866	44
866	37
866	906
866	48
866	45
867	892
867	683
867	38
867	36
867	32
867	867
868	892
868	38
868	36
868	32
868	867
869	39
869	114
869	41
869	428
869	32
869	37
869	863
870	876
870	682
870	32
870	680
870	37
870	987
871	682
871	893
871	32
871	680
872	863
872	45
872	39
872	41
872	36
872	32
872	35
873	42
873	32
873	680
873	854
874	32
874	680
874	682
875	45
875	38
875	36
875	32
875	37
875	898
875	722
875	39
875	901
875	41
875	683
876	32
876	682
876	683
877	45
877	38
877	36
877	32
877	898
877	39
877	901
877	41
878	32
879	48
879	334
879	32
879	680
879	722
879	41
879	682
879	854
879	905
879	520
879	870
879	987
879	619
880	880
880	32
880	736
880	644
880	901
880	579
881	863
881	40
881	45
881	36
881	32
881	37
881	35
881	39
881	41
882	38
882	36
882	32
882	898
882	41
883	883
883	419
883	45
883	418
883	93
883	682
883	340
883	683
883	38
883	36
883	32
883	680
883	645
883	37
884	47
884	48
884	45
884	38
884	36
884	32
885	885
886	304
886	317
886	284
886	315
888	885
888	33
889	889
889	33
890	33
891	697
891	45
894	870
894	987
894	892
894	34
894	683
894	867
895	34
896	902
896	226
896	956
896	120
898	38
898	98
900	58
900	226
900	902
900	896
900	956
901	688
901	95
901	754
901	755
901	98
901	900
901	902
901	41
901	166
901	38
901	37
902	120
904	45
904	38
904	36
904	37
904	35
905	898
905	35
905	41
905	47
905	48
905	46
905	45
906	946
906	44
906	37
906	35
906	41
907	896
907	38
907	37
907	898
907	35
907	754
907	39
907	850
907	41
907	277
907	45
908	38
908	36
908	37
908	35
908	41
909	986
909	36
909	37
909	35
910	896
910	35
910	41
911	951
911	892
911	901
911	41
911	38
911	36
911	37
911	35
911	413
912	44
912	948
912	898
912	35
912	40
912	47
912	45
913	83
913	518
913	177
913	902
913	340
913	509
913	228
913	38
913	460
913	37
913	35
913	512
913	467
913	513
913	466
913	516
913	45
914	945
914	35
914	850
915	995
915	44
915	37
915	35
915	906
916	44
916	35
916	41
917	38
917	36
917	37
917	35
917	98
917	902
917	41
917	957
918	900
918	41
918	896
918	38
918	36
918	995
918	918
918	37
918	35
918	47
918	45
919	940
919	833
919	898
919	35
919	42
920	395
920	833
920	898
920	35
920	41
920	940
920	42
920	668
921	41
921	340
921	38
921	37
921	35
921	47
921	48
921	45
922	38
922	35
922	950
922	949
923	39
923	41
923	576
923	38
923	36
923	44
923	37
923	898
923	35
923	49
923	163
923	846
923	45
924	901
924	41
924	38
924	37
924	35
925	35
925	45
926	35
926	931
926	906
926	954
927	39
927	901
927	902
927	41
927	340
927	896
927	38
927	956
927	36
927	101
927	104
927	898
927	35
927	722
927	907
927	102
927	45
928	35
928	931
928	954
929	36
929	864
929	37
929	898
929	35
929	999
929	39
929	41
930	35
930	58
930	226
930	59
931	41
931	36
931	101
931	35
931	226
931	102
931	927
932	35
932	41
933	933
933	38
933	35
933	39
933	41
934	46
934	45
934	35
934	41
935	954
935	35
935	931
935	906
936	45
936	41
936	898
936	35
937	47
937	48
937	45
937	898
937	35
937	41
938	40
938	45
938	38
938	36
938	44
938	37
938	898
938	35
938	39
938	902
938	41
939	42
939	47
939	48
939	45
939	896
939	898
939	35
939	900
939	41
940	42
940	35
941	848
941	896
941	924
941	915
941	35
941	951
941	949
941	906
942	35
942	930
943	47
943	48
943	45
943	35
943	41
943	905
944	945
944	35
944	850
945	754
945	900
945	902
945	41
945	896
945	35
946	754
946	98
946	41
946	896
946	44
946	37
946	35
947	901
947	41
947	35
948	42
948	47
948	48
948	46
948	45
948	896
948	395
948	833
948	918
948	898
948	35
948	41
949	102
949	38
949	898
949	35
949	39
949	41
950	38
950	35
951	906
951	49
951	848
951	37
951	35
951	55
951	892
951	901
951	41
952	58
952	226
952	59
952	900
952	930
952	896
952	35
953	41
953	44
953	35
954	931
954	226
954	102
954	36
954	101
954	35
955	460
955	512
955	416
955	517
955	340
955	651
956	120
958	226
958	896
958	38
958	36
958	37
958	901
958	41
958	163
959	36
959	105
959	106
960	683
960	38
960	36
960	37
960	482
961	525
961	564
961	38
961	36
961	101
961	104
962	38
962	36
962	37
962	427
962	512
962	41
962	340
962	45
963	36
964	900
964	302
964	36
964	37
965	36
965	44
965	45
966	62
966	58
966	226
966	896
966	60
966	38
966	956
966	36
966	59
966	416
966	175
966	902
966	340
966	638
966	692
966	413
967	36
967	901
967	579
967	49
967	46
968	902
968	41
968	58
968	896
968	38
968	956
968	36
968	37
968	47
968	45
969	36
969	37
970	36
970	877
970	875
971	36
971	45
972	38
972	36
972	44
972	37
973	36
973	44
974	36
974	47
974	48
974	46
974	45
974	716
975	38
975	36
975	37
975	39
975	850
975	175
975	682
975	683
975	370
975	314
975	139
975	907
975	143
975	277
975	47
975	45
976	38
976	36
976	126
976	918
976	37
976	901
976	682
976	854
976	683
976	48
976	516
976	45
977	38
977	36
977	37
977	850
977	41
977	955
977	907
977	143
977	958
977	45
978	896
978	36
978	918
978	37
978	900
978	47
979	38
979	833
979	36
979	42
979	47
979	48
979	45
980	724
980	41
980	863
980	38
980	36
980	37
980	898
981	36
981	918
981	37
981	850
981	41
981	340
981	907
981	277
981	47
981	48
981	45
982	36
982	37
982	47
982	45
983	36
983	101
983	931
983	954
984	38
984	36
984	101
984	104
984	525
984	689
984	961
985	38
985	36
985	44
985	37
986	38
986	36
986	680
986	37
986	39
986	41
986	45
987	36
987	680
987	37
987	682
987	854
987	683
987	41
987	46
988	902
988	956
988	36
988	37
989	36
989	37
989	989
989	902
990	896
990	36
990	918
990	900
990	902
991	36
991	44
991	987
992	175
992	38
992	36
992	58
993	41
993	750
993	38
993	36
993	645
993	37
993	319
993	966
993	226
993	510
993	841
994	38
994	36
994	37
994	850
994	907
994	277
994	957
995	38
995	36
995	44
995	37
995	900
995	902
995	41
995	957
995	45
996	36
996	37
997	38
997	36
997	44
997	877
997	901
997	49
997	46
997	45
998	958
998	955
998	143
998	37
998	38
998	36
999	39
999	36
999	898